ANCSIZE	ANCBOT	NAIN	NANO	NASO	NIN	NNO	NSO	T1	TS	TBOT	TDIV	T2	MaxEstLhood	MaxObsLhood	AIC	deltaL	model	MIG01	MIG02	MIG10	MIG12	MIG20	MIG21
82728	46053	65775	19918	27474	201300	997222	594791	13	3465	17	3479	3495	-541561.892	-532509.647	2494006.6789057027	9052.244999999995	no_mig	NA	NA	NA	NA	NA	NA
733529	30790	135161	28858	16257	189715	869998	603007	10153	208	2	10361	10362	-541573.606	-532509.647	2494060.6238692617	9063.959000000032	no_mig	NA	NA	NA	NA	NA	NA
654712	54070	211643	30759	26101	140355	655698	435945	1200	8980	3	10180	10182	-541518.136	-532509.647	2493805.175079045	9008.48900000006	no_mig	NA	NA	NA	NA	NA	NA
567848	16313	101483	34025	66707	206192	1004737	631383	67	5370	3	5437	5440	-541585.117	-532509.647	2494113.633983272	9075.469999999972	no_mig	NA	NA	NA	NA	NA	NA
54882	205757	86405	66813	84865	228086	1072149	729538	1617	3555	41123	5172	46295	-536845.683	-532509.647	2472287.7338280138	4336.035999999964	no_mig	NA	NA	NA	NA	NA	NA
54867	202699	88592	52863	16983	203751	973331	664159	1498	3698	39563	5196	44759	-536840.3180000001	-532509.647	2472263.0270899665	4330.671000000089	no_mig	NA	NA	NA	NA	NA	NA
53880	216619	65617	79969	79823	213817	1171389	711720	5414	1600	53768	7013	60782	-536824.827	-532509.647	2472191.6883986155	4315.180000000051	no_mig	NA	NA	NA	NA	NA	NA
53869	151304	94805	82328	42153	213037	1007276	612597	16	4283	15706	4299	20005	-537742.629	-532509.647	2476418.322805655	5232.98199999996	no_mig	NA	NA	NA	NA	NA	NA
52901	206568	84304	69017	23452	210726	1022671	686672	1005	3829	37347	4834	42181	-536856.06	-532509.647	2472335.5216790345	4346.413000000059	no_mig	NA	NA	NA	NA	NA	NA
49616	197455	59158	70339	45079	273113	1438325	929169	3950	2147	52168	6098	58266	-536738.51	-532509.647	2471794.183923671	4228.863000000012	no_mig	NA	NA	NA	NA	NA	NA
45315	177183	71476	75971	63019	221893	1169475	717243	1252	3137	35693	4389	40082	-536787.4560000001	-532509.647	2472019.588583595	4277.809000000125	no_mig	NA	NA	NA	NA	NA	NA
44782	174548	71759	51534	38493	190120	924297	648420	1456	3022	37270	4478	41748	-536808.786	-532509.647	2472117.8168636616	4299.1389999999665	no_mig	NA	NA	NA	NA	NA	NA
43510	167064	66146	27221	71302	229358	1107934	755512	1609	2769	35370	4378	39748	-536805.464	-532509.647	2472102.5184883038	4295.817000000039	no_mig	NA	NA	NA	NA	NA	NA
43068	168176	67070	64426	47847	202661	1033114	638614	1291	2918	34559	4209	38768	-536813.3420000001	-532509.647	2472138.798019029	4303.695000000065	no_mig	NA	NA	NA	NA	NA	NA
41438	165906	63943	58369	43462	237380	1216931	740232	1337	2828	33157	4165	37321	-536798.522	-532509.647	2472070.5493968725	4288.875	no_mig	NA	NA	NA	NA	NA	NA
41009	160370	65899	15828	66758	207114	1141013	711246	792	3118	30019	3910	33929	-536832.107	-532509.647	2472225.214037569	4322.459999999963	no_mig	NA	NA	NA	NA	NA	NA
40412	164049	63899	60151	68508	218504	1146249	755984	1291	2766	36796	4057	40853	-536796.93	-532509.647	2472063.2179659368	4287.283000000054	no_mig	NA	NA	NA	NA	NA	NA
39559	153087	63617	71440	64050	187598	1035606	651277	1018	2881	31553	3899	35451	-536824.007	-532509.647	2472187.9121590625	4314.359999999986	no_mig	NA	NA	NA	NA	NA	NA
39362	163277	63098	28326	62995	188384	987590	658039	1002	2891	32019	3893	35912	-536834.0160000001	-532509.647	2472234.005307454	4324.369000000064	no_mig	NA	NA	NA	NA	NA	NA
39208	161325	57158	66124	44596	193596	924700	600105	1344	2326	32774	3670	36444	-536764.1460000001	-532509.647	2471912.2420665594	4254.499000000069	no_mig	NA	NA	NA	NA	NA	NA
382167	29582	113909	41785	63445	236963	1101085	698640	80	6005	8	6085	6093	-541582.529	-532509.647	2494101.7158028306	9072.881999999983	no_mig	NA	NA	NA	NA	NA	NA
37862	149008	58068	43538	19752	209680	1003026	689455	1149	2562	30877	3711	34589	-536793.258	-532509.647	2472046.3077810137	4283.6110000000335	no_mig	NA	NA	NA	NA	NA	NA
37794	148315	60153	39319	15806	197351	992914	624352	1088	2683	30531	3771	34301	-536811.49	-532509.647	2472130.2692438443	4301.8429999999935	no_mig	NA	NA	NA	NA	NA	NA
374365	38509	130357	28959	20365	213962	1011169	718298	67	6964	6	7031	7037	-541574.4060000001	-532509.647	2494064.3080054107	9064.759000000078	no_mig	NA	NA	NA	NA	NA	NA
36662	143935	55711	70600	70832	190975	961898	605422	1119	2458	33124	3576	36700	-536782.528	-532509.647	2471996.894304918	4272.881000000052	no_mig	NA	NA	NA	NA	NA	NA
358038	22807	63970	45994	41740	143636	694095	466998	7747	85	3	7832	7835	-541567.3500000001	-532509.647	2494031.8139245785	9057.703000000096	no_mig	NA	NA	NA	NA	NA	NA
34301	133955	50270	52055	70549	213322	1253141	659621	1409	2252	30949	3661	34610	-536767.256	-532509.647	2471926.564145838	4257.609000000055	no_mig	NA	NA	NA	NA	NA	NA
341636	47679	139687	46201	61664	151401	761438	454542	347	7116	11	7463	7474	-541577.005	-532509.647	2494076.2768427236	9067.358000000007	no_mig	NA	NA	NA	NA	NA	NA
34112	130447	51711	41233	78740	233945	1180836	789236	1176	2343	28070	3519	31590	-536783.1849999999	-532509.647	2471999.91990173	4273.537999999942	no_mig	NA	NA	NA	NA	NA	NA
33696	128623	53207	76628	67227	205738	1067128	678080	953	2455	27160	3408	30568	-536782.7119999999	-532509.647	2471997.7416562317	4273.064999999944	no_mig	NA	NA	NA	NA	NA	NA
33546	126203	50542	78358	70731	231229	1198738	728915	915	2309	28870	3224	32094	-536767.143	-532509.647	2471926.043761607	4257.496000000043	no_mig	NA	NA	NA	NA	NA	NA
333457	33860	115796	46085	15899	209924	937947	687030	27	6001	7	6027	6035	-541582.198	-532509.647	2494100.191491499	9072.550999999978	no_mig	NA	NA	NA	NA	NA	NA
33065	125438	44983	11993	38758	209825	993806	668440	1537	1913	28358	3450	31808	-536762.113	-532509.647	2471902.879755571	4252.466000000015	no_mig	NA	NA	NA	NA	NA	NA
32720	126611	35283	24348	64868	226530	1207835	730117	2709	1386	38128	4096	42223	-536676.4480000001	-532509.647	2471508.3778515887	4166.801000000094	no_mig	NA	NA	NA	NA	NA	NA
32396	135759	48915	32229	63015	226139	1027648	775716	956	2208	30022	3163	33186	-536795.615	-532509.647	2472057.1621671417	4285.9679999999935	no_mig	NA	NA	NA	NA	NA	NA
320890	74819	168910	82913	38677	168320	806824	525351	8692	262	23	8953	8977	-541578.9410000001	-532509.647	2494085.192452204	9069.29400000011	no_mig	NA	NA	NA	NA	NA	NA
31632	125079	32533	16615	77878	212864	1045521	698471	2918	1144	37347	4061	41408	-536708.999	-532509.647	2471658.2807463123	4199.351999999955	no_mig	NA	NA	NA	NA	NA	NA
31572	126901	39258	27937	27458	215770	886667	678765	2035	1563	32499	3598	36097	-536721.997	-532509.647	2471718.1387483897	4212.349999999977	no_mig	NA	NA	NA	NA	NA	NA
30763	121201	49699	62615	18374	206054	951223	690152	705	2397	25769	3102	28872	-536816.201	-532509.647	2472151.9642005907	4306.554000000004	no_mig	NA	NA	NA	NA	NA	NA
30125	120654	42576	80069	76771	190664	903675	589486	1219	1823	28144	3041	31186	-536752.995	-532509.647	2471860.8898138152	4243.347999999998	no_mig	NA	NA	NA	NA	NA	NA
28808	116621	37163	53668	43210	200221	1044551	675195	1709	1567	30196	3276	33472	-536708.8570000001	-532509.647	2471657.6268121465	4199.210000000079	no_mig	NA	NA	NA	NA	NA	NA
28718	111399	35249	55565	40788	228136	1177033	753148	1642	1493	29334	3136	32470	-536720.054	-532509.647	2471709.1909027183	4210.4070000000065	no_mig	NA	NA	NA	NA	NA	NA
285395	40242	115921	60366	78727	221844	995644	733560	86	6213	9	6299	6308	-541574.449	-532509.647	2494064.5060277283	9064.802000000025	no_mig	NA	NA	NA	NA	NA	NA
28298	114244	34766	21486	48628	259704	1408032	890411	1611	1536	28195	3147	31342	-536693.657	-532509.647	2471587.628225319	4184.010000000009	no_mig	NA	NA	NA	NA	NA	NA
28268	115283	37144	43227	37773	194879	965498	649033	1509	1570	26406	3080	29486	-536722.8910000001	-532509.647	2471722.2557705366	4213.244000000064	no_mig	NA	NA	NA	NA	NA	NA
28263	118883	36008	62352	24855	218715	1170675	711655	1686	1541	30877	3227	34104	-536705.9500000001	-532509.647	2471644.2395824157	4196.303000000073	no_mig	NA	NA	NA	NA	NA	NA
27568	112162	36962	73992	76014	226817	1143814	773181	1220	1695	26009	2915	28924	-536725.55	-532509.647	2471734.500918061	4215.903000000049	no_mig	NA	NA	NA	NA	NA	NA
27495	114868	33279	36351	48490	212703	1087839	736087	1854	1410	32144	3264	35408	-536686.902	-532509.647	2471556.5203007124	4177.255000000005	no_mig	NA	NA	NA	NA	NA	NA
27258	107767	34837	49172	44634	222063	1166132	755520	1517	1537	26202	3054	29255	-536715.2849999999	-532509.647	2471687.228846101	4205.637999999919	no_mig	NA	NA	NA	NA	NA	NA
27050	106564	36763	31124	58407	237846	1197663	836010	1157	1726	26032	2882	28914	-536731.427	-532509.647	2471761.565503244	4221.780000000028	no_mig	NA	NA	NA	NA	NA	NA
25891	109211	31867	14178	18765	238184	1249982	812486	1289	1430	26031	2719	28750	-536702.523	-532509.647	2471628.457664188	4192.8760000000475	no_mig	NA	NA	NA	NA	NA	NA
25628	105040	29885	38426	41863	179881	932502	560740	1703	1212	29661	2914	32575	-536702.628	-532509.647	2471628.941207058	4192.981000000029	no_mig	NA	NA	NA	NA	NA	NA
25603	104926	32508	35727	34078	201569	1031749	666114	1690	1382	28545	3072	31616	-536708.994	-532509.647	2471658.257720461	4199.346999999951	no_mig	NA	NA	NA	NA	NA	NA
25513	99250	28124	34132	54463	165781	988444	586406	1771	1177	28113	2948	31061	-536708.5660000001	-532509.647	2471656.2867076225	4198.919000000111	no_mig	NA	NA	NA	NA	NA	NA
24773	98398	34885	37836	33254	186812	881808	593190	979	1560	21388	2538	23926	-536740.8580000001	-532509.647	2471804.9968632683	4231.211000000127	no_mig	NA	NA	NA	NA	NA	NA
222416	29174	87936	70799	48489	194944	859576	663169	36	4626	3	4662	4665	-541570.1460000001	-532509.647	2494044.689980418	9060.499000000069	no_mig	NA	NA	NA	NA	NA	NA
22185	93171	103007	70417	49697	14543	70502	48253	702	7	6594	709	7303	-536935.302	-532509.647	2472700.444574912	4425.655000000028	no_mig	NA	NA	NA	NA	NA	NA
22012	88883	28923	46839	57757	155018	794771	503460	1207	1218	23393	2425	25818	-536702.6849999999	-532509.647	2471629.203701758	4193.037999999942	no_mig	NA	NA	NA	NA	NA	NA
213982	74886	134422	68097	67764	203361	998152	587534	212	7148	7	7360	7367	-541568.601	-532509.647	2494037.5749924807	9058.954000000027	no_mig	NA	NA	NA	NA	NA	NA
212691	83955	101290	13555	81462	204293	986155	582379	10821	64	103	10885	10988	-541564.592	-532509.647	2494019.1128652045	9054.944999999949	no_mig	NA	NA	NA	NA	NA	NA
20968	89479	26054	27136	54265	246866	1263908	863667	1158	1218	22156	2376	24533	-536694.3600000001	-532509.647	2471590.86565996	4184.713000000105	no_mig	NA	NA	NA	NA	NA	NA
203634	74658	131861	31571	89077	188156	854583	603402	168	7056	44	7224	7268	-541572.0560000001	-532509.647	2494053.4858554737	9062.409000000102	no_mig	NA	NA	NA	NA	NA	NA
199914	70289	103334	68740	21300	158405	697574	454586	8108	152	58	8260	8318	-541586.042	-532509.647	2494117.8937656945	9076.395000000019	no_mig	NA	NA	NA	NA	NA	NA
19583	80788	60350	12801	39882	20814	95906	63242	982	60	8031	1042	9072	-536938.7069999999	-532509.647	2472716.125179395	4429.0599999999395	no_mig	NA	NA	NA	NA	NA	NA
193772	134434	177796	54767	50558	146595	714740	501381	2844	6074	74	8918	8991	-541503.0680000001	-532509.647	2493735.7843746827	8993.42100000009	no_mig	NA	NA	NA	NA	NA	NA
192945	69566	90636	18250	40145	167043	889762	543530	8711	289	34	9000	9035	-541571.9510000001	-532509.647	2494053.0023126043	9062.30400000012	no_mig	NA	NA	NA	NA	NA	NA
190637	87587	104861	57062	40202	185046	968704	595623	9724	205	19	9929	9948	-541551.9130000001	-532509.647	2493960.723912417	9042.266000000061	no_mig	NA	NA	NA	NA	NA	NA
187854	74398	101023	72820	58232	167349	813555	529648	8716	72	17	8788	8806	-541564.606	-532509.647	2494019.177337588	9054.959000000032	no_mig	NA	NA	NA	NA	NA	NA
18545	77397	18515	15278	73871	215812	1072201	736845	1578	803	24839	2381	27220	-536652.395	-532509.647	2471397.609693105	4142.748000000021	no_mig	NA	NA	NA	NA	NA	NA
183232	85747	94791	39753	68063	195142	911809	593202	10247	99	22	10346	10368	-541569.4310000001	-532509.647	2494041.397283735	9059.784000000102	no_mig	NA	NA	NA	NA	NA	NA
182746	69616	165630	58924	65015	81022	398372	246829	3489	1475	33	4964	4997	-541471.2869999999	-532509.647	2493589.4274610006	8961.639999999898	no_mig	NA	NA	NA	NA	NA	NA
176305	71171	143627	21424	74591	64921	303244	190945	1412	4458	22	5870	5892	-541442.9410000001	-532509.647	2493458.88930691	8933.29400000011	no_mig	NA	NA	NA	NA	NA	NA
175093	79444	126202	73610	58821	193100	841627	597891	146	6648	45	6794	6840	-541575.491	-532509.647	2494069.304615062	9065.844000000041	no_mig	NA	NA	NA	NA	NA	NA
174864	84916	131460	50357	46853	190231	948187	672209	74	6939	5	7013	7018	-541570.7889999999	-532509.647	2494047.651104847	9061.141999999876	no_mig	NA	NA	NA	NA	NA	NA
171722	74535	120343	34189	53192	198400	941791	659348	35	6550	34	6585	6619	-541548.982	-532509.647	2493947.226158601	9039.334999999963	no_mig	NA	NA	NA	NA	NA	NA
170903	72392	119949	72219	46513	212770	1047304	694805	46	6404	87	6450	6536	-541573.3360000001	-532509.647	2494059.3804733115	9063.68900000013	no_mig	NA	NA	NA	NA	NA	NA
1705	7821	527	84632	35944	160265	915988	507338	563	24	7936	588	8524	-536576.101	-532509.647	2471046.262838935	4066.454000000027	no_mig	NA	NA	NA	NA	NA	NA
170247	89028	131980	19476	53766	229954	1118135	690274	15	7062	40	7078	7118	-541569.7660000001	-532509.647	2494042.9400157477	9060.119000000064	no_mig	NA	NA	NA	NA	NA	NA
169886	92341	136539	52787	21443	177208	829912	590036	75	7309	10	7384	7394	-541568.927	-532509.647	2494039.076277961	9059.280000000028	no_mig	NA	NA	NA	NA	NA	NA
169235	67112	114558	35750	42294	212067	1005417	723125	40	6320	12	6359	6371	-541579.8650000001	-532509.647	2494089.447629456	9070.21800000011	no_mig	NA	NA	NA	NA	NA	NA
16874	68800	18047	33824	23883	204080	1063240	682188	1221	806	19498	2026	21524	-536658.437	-532509.647	2471425.4341313685	4148.790000000037	no_mig	NA	NA	NA	NA	NA	NA
167192	51074	99373	42617	67561	186838	936340	589947	191	5338	8	5530	5538	-541568.669	-532509.647	2494037.888144053	9059.021999999997	no_mig	NA	NA	NA	NA	NA	NA
161405	84779	93538	79736	59500	169801	868838	537877	8918	93	55	9011	9066	-541578.3280000001	-532509.647	2494082.36948288	9068.681000000099	no_mig	NA	NA	NA	NA	NA	NA
160807	77006	120028	75439	79386	198153	943796	572836	44	6415	59	6459	6518	-541576.47	-532509.647	2494073.813076674	9066.822999999975	no_mig	NA	NA	NA	NA	NA	NA
16011	67932	20536	57983	37023	199865	1164136	650105	806	980	16947	1787	18733	-536709.181	-532509.647	2471659.118887286	4199.533999999985	no_mig	NA	NA	NA	NA	NA	NA
159952	85316	91662	78235	50858	171195	881653	536450	9080	32	108	9112	9220	-541571.817	-532509.647	2494052.385219799	9062.170000000042	no_mig	NA	NA	NA	NA	NA	NA
159817	78331	101905	43478	23083	141080	700008	469155	7342	243	44	7585	7629	-541561.226	-532509.647	2494003.611862359	9051.579000000027	no_mig	NA	NA	NA	NA	NA	NA
159794	10087	89309	51915	48546	14414	57603	42339	569	708	1	1277	1279	-541350.337	-532509.647	2493032.4321270064	8840.69000000006	no_mig	NA	NA	NA	NA	NA	NA
156993	73401	114607	56049	36237	212138	1018361	705625	123	6307	43	6430	6473	-541581.619	-532509.647	2494097.5250979615	9071.97199999995	no_mig	NA	NA	NA	NA	NA	NA
155905	67492	108828	35292	60400	198875	977703	642133	140	5801	31	5941	5972	-541581.3110000001	-532509.647	2494096.106705545	9071.664000000106	no_mig	NA	NA	NA	NA	NA	NA
152259	69834	117961	38148	25705	95253	450128	298129	1808	3879	59	5687	5746	-541547.987	-532509.647	2493942.6440142663	9038.339999999967	no_mig	NA	NA	NA	NA	NA	NA
148551	74123	111674	17976	31096	206738	965936	652153	79	5878	11	5958	5969	-541566.5769999999	-532509.647	2494028.254128024	9056.929999999935	no_mig	NA	NA	NA	NA	NA	NA
146933	47330	114428	26184	52072	61290	286501	198262	2256	1814	15	4070	4085	-541449.4260000001	-532509.647	2493488.753835566	8939.779000000097	no_mig	NA	NA	NA	NA	NA	NA
144869	95454	127048	73109	81617	199296	919181	572701	81	6646	36	6727	6763	-541585.0769999999	-532509.647	2494113.4497764646	9075.429999999935	no_mig	NA	NA	NA	NA	NA	NA
144820	87869	85661	84509	65472	170859	788652	523553	8993	66	81	9059	9139	-541571.764	-532509.647	2494052.141145779	9062.11699999997	no_mig	NA	NA	NA	NA	NA	NA
143376	58597	98868	65545	40554	200303	973761	621921	28	5265	25	5292	5317	-541571.759	-532509.647	2494052.1181199276	9062.111999999965	no_mig	NA	NA	NA	NA	NA	NA
142592	90493	88743	87279	26345	163830	843147	575272	8955	18	46	8973	9019	-541559.4360000001	-532509.647	2493995.3686077264	9049.789000000106	no_mig	NA	NA	NA	NA	NA	NA
13381	57499	10550	26907	48971	286319	1531660	974708	1534	489	23809	2023	25832	-536616.001	-532509.647	2471230.009129356	4106.35400000005	no_mig	NA	NA	NA	NA	NA	NA
114690	71080	96147	32036	26557	117166	611569	335080	85	5056	79	5141	5220	-541575.524	-532509.647	2494069.456585678	9065.876999999979	no_mig	NA	NA	NA	NA	NA	NA
10359	44800	8860	76574	33945	171788	892826	551839	1185	385	16851	1570	18421	-536609.6039999999	-532509.647	2471200.549855676	4099.956999999937	no_mig	NA	NA	NA	NA	NA	NA
96804	23463	30495	64686	51567	148927	1138694	264869	906	25979	456	26885	27341	-534605.715	-532509.647	2461984.2999768467	2096.06799999997	constant_mig	9.355660000000003e-5	5.75803e-5	1.80417e-5	2.76254e-5	1.93884e-5	2.52263e-4
94475	62331	89905	78502	19184	38044	172782	88315	12842	6794	737	19636	20373	-535073.0889999999	-532509.647	2464136.636787352	2563.4419999999227	constant_mig	1.1211500000000002e-4	7.040400000000001e-5	2.53692e-5	1.1602000000000002e-4	2.1733800000000005e-5	2.3549999999999998e-4
93121	42160	86122	26196	53328	22587	115878	48801	6732	6504	576	13235	13812	-535107.691	-532509.647	2464295.984886128	2598.0439999999944	constant_mig	1.93504e-4	1.1604900000000001e-4	3.87377e-5	1.36073e-4	4.1326500000000005e-5	4.75655e-4
86041	60450	75673	62385	78521	27007	171914	88973	9303	10359	2108	19661	21770	-535143.1699999999	-532509.647	2464459.3717191564	2633.5229999999283	constant_mig	1.5795999999999999e-4	9.97776e-5	1.67977e-5	1.34227e-4	9.88859e-6	2.3696399999999996e-4
84778	44071	67425	54612	62673	29523	187701	38889	8741	8637	1939	17378	19317	-535210.76	-532509.647	2464770.6351720276	2701.113000000012	constant_mig	6.815449999999999e-5	1.7439e-4	3.50567e-5	2.7597000000000004e-5	2.53868e-5	7.079590000000001e-4
8426	89522	10184	37770	55145	55515	748582	187947	1623	4309	14376	5932	20308	-534318.3010000001	-532509.647	2460660.7095930115	1808.6540000000969	constant_mig	1.83945e-4	8.796880000000001e-5	1.4173999999999998e-5	2.96684e-5	9.58179e-6	2.64599e-4
83398	48559	94909	77744	53932	23515	132154	43149	9202	3544	521	12746	13266	-535119.9230000001	-532509.647	2464352.3153278437	2610.276000000071	constant_mig	1.3133e-4	1.50067e-4	3.620190000000001e-5	8.826470000000002e-5	2.87192e-5	5.53855e-4
83308	58687	42436	68921	61953	153106	1129362	445853	1940	40116	1962	42056	44018	-534557.8680000001	-532509.647	2461763.9563989583	2048.221000000136	constant_mig	5.08746e-5	5.279730000000001e-5	1.0537199999999998e-5	3.6713100000000006e-5	6.4668e-6	1.1203600000000001e-4
80178	72090	91357	77531	79366	35112	165929	80643	10794	7976	2492	18770	21262	-535091.9610000001	-532509.647	2464223.545559103	2582.3140000001295	constant_mig	9.59402e-5	9.726349999999999e-5	3.04987e-5	1.11626e-4	2.2513200000000003e-5	2.56926e-4
79773	64526	43918	79723	76968	133318	958168	389383	2222	41575	3642	43797	47438	-534570.3600000001	-532509.647	2461821.4841849217	2060.7130000001052	constant_mig	5.6028e-5	4.5253099999999995e-5	1.0483800000000001e-5	3.50508e-5	7.121999999999999e-6	9.621669999999998e-5
78427	31634	77333	32182	61664	14422	81262	46793	5864	3795	506	9659	10165	-535107.498	-532509.647	2464295.0960882823	2597.851000000024	constant_mig	2.42724e-4	2.46293e-4	4.3990500000000005e-5	2.69407e-4	2.32129e-5	4.59839e-4
78416	36625	75448	68343	29397	20600	95007	60804	9268	3471	809	12739	13548	-535116.1460000001	-532509.647	2464334.921600051	2606.499000000069	constant_mig	9.27232e-5	2.44374e-4	4.2512800000000004e-5	2.3158799999999997e-4	2.61424e-5	3.3706e-4
77740	38279	70512	73367	58558	21883	116882	55366	10384	3218	543	13601	14145	-535091.499	-532509.647	2464221.4179704767	2581.8519999999553	constant_mig	1.65135e-4	1.48518e-4	4.0010200000000005e-5	1.3490500000000002e-4	3.33065e-5	3.67523e-4
77653	95906	51463	46962	83036	157256	1152856	502137	2750	46756	6690	49506	56196	-534557.057	-532509.647	2461760.221605937	2047.4100000000326	constant_mig	5.24778e-5	3.32487e-5	7.1216699999999995e-6	3.0264e-5	6.624359999999999e-6	7.973150000000001e-5
77588	67657	93827	72216	15301	29633	150574	65972	10127	6824	5802	16950	22752	-535101.977	-532509.647	2464269.6709436853	2592.329999999958	constant_mig	1.3352400000000002e-4	9.679710000000001e-5	1.69696e-5	1.2016099999999999e-4	4.105129999999999e-5	3.2236600000000004e-4
77398	81135	86440	39752	95371	39801	193232	102889	13491	7014	6528	20505	27033	-535113.3010000001	-532509.647	2464321.819890872	2603.654000000097	constant_mig	5.60519e-5	1.1909800000000002e-4	2.2481800000000006e-5	1.15123e-4	1.46326e-5	2.01774e-4
77117	72938	88574	28674	10824	35816	168649	84082	12445	6542	4523	18987	23510	-535081.3350000001	-532509.647	2464174.6110207066	2571.688000000082	constant_mig	8.98457e-5	9.93893e-5	2.2977400000000005e-5	1.1284100000000001e-4	1.99113e-5	2.58969e-4
74989	64742	90809	54578	78693	23482	138066	80803	9846	6039	1683	15885	17568	-535103.001	-532509.647	2464274.386637956	2593.3540000000503	constant_mig	1.67741e-4	1.35061e-4	2.4621800000000002e-5	1.44137e-4	2.51631e-5	2.44747e-4
73588	77359	101169	49372	54713	26221	141099	76900	8372	6830	2820	15202	18022	-535093.2839999999	-532509.647	2464229.638199258	2583.6369999998715	constant_mig	1.4745199999999998e-4	1.2219599999999998e-4	2.45734e-5	1.55353e-4	2.13615e-5	2.2605800000000006e-4
72176	74335	86798	26796	80085	28059	168583	77458	9306	7412	6124	16718	22842	-535120.505	-532509.647	2464354.9955368913	2610.8580000000075	constant_mig	1.7579e-4	8.06333e-5	2.82754e-5	1.0055299999999998e-4	2.21961e-5	2.86835e-4
71952	71389	41459	58552	24104	175383	1279692	647567	2000	42375	6126	44376	50502	-534568.8690000001	-532509.647	2461814.617876174	2059.222000000067	constant_mig	5.36943e-5	5.027909999999999e-5	6.9721600000000005e-6	4.09248e-5	5.0572099999999995e-6	8.525530000000002e-5
716579	12373	90023	62787	77100	11323	45441	41086	8938	1717	3057	10655	13711	-535490.158	-532509.647	2466057.310511653	2980.511000000057	constant_mig	2.6501000000000004e-4	3.5393100000000004e-4	5.451690000000001e-5	7.21256e-4	6.066260000000001e-5	1.98531e-4
71577	70913	93728	35839	38796	26694	138634	68690	8375	6688	7923	15063	22986	-535088.225	-532509.647	2464206.3406432876	2578.5779999999795	constant_mig	1.69106e-4	9.66487e-5	2.9885400000000004e-5	1.51886e-4	3.06656e-5	3.04575e-4
707968	13426	66442	60677	54598	15340	56692	55339	14528	267	5228	14795	20023	-535501.134	-532509.647	2466107.8568596137	2991.4869999999646	constant_mig	2.9252399999999995e-4	1.4910500000000002e-4	7.13745e-5	5.913690000000001e-4	8.572780000000003e-5	9.905510000000003e-5
69721	68578	40211	91713	60594	135277	1089680	383876	2745	41794	4716	44540	49256	-534544.009	-532509.647	2461700.1333453497	2034.3619999999646	constant_mig	5.2179600000000004e-5	4.661179999999999e-5	9.240569999999997e-6	2.9965999999999997e-5	9.066490000000001e-6	1.05842e-4
68795	40860	86910	59654	67608	15251	91287	42303	8836	2021	1147	10857	12004	-535114.6749999999	-532509.647	2464328.147394707	2605.027999999933	constant_mig	2.37916e-4	2.2453400000000003e-4	2.97724e-5	2.16168e-4	5.5664799999999996e-5	4.461770000000001e-4
681997	11030	42683	42580	35470	12524	38271	42596	10147	1468	7077	11615	18692	-535569.015	-532509.647	2466420.460417009	3059.3680000000168	constant_mig	1.98069e-4	3.2701400000000004e-4	1.23321e-4	7.842690000000001e-4	4.71958e-5	2.43159e-4
680691	12703	40131	48654	62603	43873	103211	152534	9564	24730	6032	34295	40326	-535465.7339999999	-532509.647	2465944.8338350295	2956.0869999999413	constant_mig	8.453319999999999e-6	1.44433e-4	4.8480600000000005e-5	0.00033162399999999993	2.1289200000000006e-5	2.95525e-5
67907	71304	84341	40420	26946	26182	138578	86878	8167	7697	6269	15864	22134	-535107.65	-532509.647	2464295.7960741506	2598.003000000026	constant_mig	1.45009e-4	1.27617e-4	1.69556e-5	1.79464e-4	3.58105e-5	1.8208700000000002e-4
66616	55776	96101	44799	31971	18516	101089	46487	6693	4691	2138	11383	13521	-535106.2660000001	-532509.647	2464289.4225186133	2596.6190000000643	constant_mig	2.7373100000000004e-4	1.01975e-4	2.1817300000000005e-5	2.0500599999999998e-4	6.88007e-5	4.34589e-4
66052	58124	87319	67925	58928	20705	104877	74794	7547	5160	853	12707	13560	-535120.2739999999	-532509.647	2464353.931742578	2610.626999999862	constant_mig	1.5117399999999999e-4	1.90641e-4	3.13672e-5	2.3615300000000001e-4	3.0124499999999996e-5	1.9097699999999997e-4
647954	11338	46154	45358	53429	122848	32201	801630	3825	55987	1623	59812	61435	-535768.5610000001	-532509.647	2467339.4037069427	3258.914000000106	constant_mig	8.7131e-5	2.6902799999999998e-6	3.1417e-4	0.0015689	5.007829999999999e-7	3.53202e-5
63353	45491	89075	31251	46862	17752	79167	46541	6351	3542	1176	9893	11069	-535088.8260000001	-532509.647	2464209.10835057	2579.17900000012	constant_mig	2.44102e-4	1.32883e-4	4.238250000000001e-5	2.81419e-4	8.373870000000001e-5	3.80343e-4
62076	85341	42363	57761	56615	150195	1122873	532314	2325	38705	9077	41030	50107	-534553.762	-532509.647	2461745.047570174	2044.1149999999907	constant_mig	6.84575e-5	3.30275e-5	8.75173e-6	3.97801e-5	6.78675e-6	8.04602e-5
606921	12159	44132	64769	68861	13095	89704	22925	11520	1897	7020	13417	20437	-535569.033	-532509.647	2466420.5433100727	3059.386000000057	constant_mig	2.97167e-4	2.3087000000000002e-4	5.9584300000000005e-5	2.1859000000000002e-5	6.33829e-5	0.0011165
60045	38097	46834	33549	36916	27027	143167	60355	11176	5046	612	16222	16834	-535102.595	-532509.647	2464272.51693886	2592.947999999975	constant_mig	1.39292e-4	1.1196100000000001e-4	3.81535e-5	1.34758e-4	3.92983e-5	3.85764e-4
59093	74615	36090	25033	77721	114382	1120141	388262	2882	40652	7132	43534	50666	-534530.525	-532509.647	2461638.0372305624	2020.878000000026	constant_mig	5.658909999999999e-5	5.071200000000001e-5	7.653589999999998e-6	2.89175e-5	7.5876299999999996e-6	9.671690000000001e-5
58745	37669	67894	58294	49598	20274	80871	42934	7930	2762	1340	10692	12032	-535111.523	-532509.647	2464313.631898281	2601.8760000000475	constant_mig	1.1536500000000002e-4	2.2091000000000005e-4	6.797280000000001e-5	2.0724799999999996e-4	3.3647300000000006e-5	4.992e-4
58491	37824	90344	16791	69234	14917	70486	28823	6842	1479	630	8321	8950	-535098.937	-532509.647	2464255.6712263203	2589.2900000000373	constant_mig	2.1035200000000005e-4	2.3328099999999995e-4	6.64197e-5	2.62268e-4	8.860040000000003e-5	7.19096e-4
570139	27277	69181	56214	41186	316573	1166511	815821	2226	71104	7450	73331	80780	-534889.6680000001	-532509.647	2463291.9518666686	2380.021000000066	constant_mig	1.1422700000000002e-5	5.286490000000001e-5	1.5090100000000001e-5	6.1854e-5	9.727009999999998e-6	5.8736600000000016e-5
56586	40512	87094	22864	28234	10174	81826	22105	3931	3606	1087	7537	8624	-535180.99	-532509.647	2464633.539255591	2671.3429999999935	constant_mig	4.4534900000000005e-4	2.7331500000000005e-4	5.31856e-5	1.52125e-4	4.886200000000001e-5	0.0011429000000000003
54822	51535	76729	61590	53155	17525	85769	55184	6943	4237	5106	11181	16286	-535114.886	-532509.647	2464329.1190856164	2605.2390000000596	constant_mig	2.64978e-4	1.3158999999999998e-4	5.06695e-5	2.56206e-4	4.211090000000001e-5	3.13046e-4
5343	41140	9346	31276	64253	319698	2303799	738167	214	6880	1024	7094	8118	-534639.237	-532509.647	2462138.6744918213	2129.5899999999674	constant_mig	2.80629e-4	2.1884600000000003e-4	5.3110700000000006e-5	1.40341e-4	3.8371500000000004e-5	6.67984e-4
48174	57926	72189	60763	25587	22794	102067	56991	8604	2548	5226	11153	16378	-535075.154	-532509.647	2464146.1464637867	2565.5069999999832	constant_mig	1.26954e-4	1.65656e-4	4.1732000000000006e-5	1.85792e-4	3.93475e-5	3.57929e-4
47847	62011	101202	87378	51109	12301	89513	24317	3663	3691	6820	7354	14174	-535151.2949999999	-532509.647	2464496.7887269175	2641.6479999999283	constant_mig	2.73936e-4	3.0692800000000004e-4	5.930710000000001e-5	7.36112e-5	5.7213800000000004e-5	0.0010715
47564	74058	93786	7540	49257	21595	97860	72456	9977	523	10301	10500	20802	-535090.502	-532509.647	2464216.826615801	2580.8549999999814	constant_mig	1.5065100000000002e-4	1.6830100000000001e-4	4.15621e-5	2.34088e-4	3.63667e-5	2.1297100000000003e-4
43569	56187	93466	67594	52571	15402	71606	46404	6808	999	10757	7807	18564	-535084.501	-532509.647	2464189.1909895153	2574.8540000000503	constant_mig	1.59009e-4	2.92434e-4	5.7477200000000006e-5	3.256e-4	2.89429e-5	3.8063999999999996e-4
42089	51873	78608	45086	60934	11029	76709	26617	3200	3602	8924	6802	15726	-535127.206	-532509.647	2464385.854782308	2617.5590000000084	constant_mig	4.62356e-4	2.0931300000000006e-4	4.8528899999999995e-5	2.2234600000000003e-4	4.61849e-5	9.219230000000001e-4
40947	54143	90791	48230	39546	11966	62532	30104	3532	2998	6538	6529	13067	-535102.042	-532509.647	2464269.9702797476	2592.3950000000186	constant_mig	3.4309e-4	2.3681900000000004e-4	7.40352e-5	2.5574100000000003e-4	5.1403700000000004e-5	8.093780000000001e-4
4071	47626	4444	67178	75376	27338	451108	87063	882	1933	9371	2815	12187	-534287.216	-532509.647	2460517.5578777795	1777.5690000000177	constant_mig	4.29861e-4	1.17932e-4	1.6844900000000002e-5	2.35416e-5	3.1711800000000004e-5	5.75757e-4
390643	39689	85358	88854	44989	164505	1140587	186222	4023	56634	227	60658	60885	-534869.8110000001	-532509.647	2463200.5070022857	2360.164000000106	constant_mig	1.49335e-5	4.29693e-5	8.10454e-6	7.502099999999999e-6	7.0269599999999995e-6	1.8253199999999998e-4
37413	47624	70003	10901	57553	14452	82890	28947	6812	489	5144	7300	12444	-535100.2189999999	-532509.647	2464261.575054498	2590.5719999999274	constant_mig	2.0414300000000003e-4	2.86208e-4	5.13199e-5	2.2316300000000002e-4	7.498e-5	7.703960000000001e-4
37166	46319	72267	80216	50848	13086	73896	30443	6382	631	5741	7012	12754	-535106.517	-532509.647	2464290.57841633	2596.8699999999953	constant_mig	1.8033199999999998e-4	3.4657000000000004e-4	6.66605e-5	1.85341e-4	4.3170299999999996e-5	7.987690000000001e-4
36792	67092	77347	62538	61424	11702	95462	29106	4067	3525	2580	7592	10173	-535153.449	-532509.647	2464506.7082634987	2643.802000000025	constant_mig	3.33031e-4	2.80111e-4	2.39381e-5	1.25925e-4	5.22412e-5	7.499840000000001e-4
35462	65762	87860	42126	51816	10233	96032	24309	3892	1973	4764	5865	10629	-535181.4630000001	-532509.647	2464635.7175010894	2671.816000000108	constant_mig	3.9488100000000003e-4	3.2565700000000003e-4	2.7253300000000006e-5	4.379240000000002e-5	4.4654400000000004e-5	9.860770000000001e-4
35404	68387	90309	70284	41127	14358	89673	30822	5777	565	4387	6343	10730	-535127.885	-532509.647	2464388.981692864	2618.238000000012	constant_mig	3.36524e-4	1.54036e-4	1.1606100000000002e-5	1.76987e-4	9.32026e-5	6.96579e-4
35392	70035	85039	71559	45620	14222	84214	37901	5518	2349	1539	7867	9406	-535103.302	-532509.647	2464275.772794182	2593.655000000028	constant_mig	2.8026599999999994e-4	2.0639300000000005e-4	4.046660000000002e-5	2.477e-4	4.9887500000000006e-5	4.849220000000001e-4
3478	54711	3972	20550	36601	27393	479412	165541	1051	2353	9615	3404	13020	-534279.737	-532509.647	2460483.1158099584	1770.0899999999674	constant_mig	3.44137e-4	1.91458e-4	1.7495500000000002e-5	7.61452e-5	1.72791e-5	3.4372900000000003e-4
34464	69276	29712	103764	24514	161889	1301649	317232	1146	25198	4258	26344	30602	-534587.4160000001	-532509.647	2461900.0299676135	2077.7690000000875	constant_mig	9.514199999999999e-5	5.09425e-5	1.45872e-5	3.57499e-5	1.96128e-5	2.0651200000000003e-4
33889	43194	72819	100999	67565	12108	63650	25932	4282	1415	9122	5697	14819	-535078.605	-532509.647	2464162.0389060983	2568.957999999984	constant_mig	3.30065e-4	2.47416e-4	4.85941e-5	3.19592e-4	1.00354e-4	7.64505e-4
33591	43925	73309	87074	58967	11008	65123	24724	4190	1320	6462	5510	11972	-535092.269	-532509.647	2464224.9639515197	2582.621999999974	constant_mig	3.9759e-4	2.21209e-4	5.697549999999999e-5	1.7427500000000002e-4	8.34156e-5	9.2585e-4
33372	44660	73861	46812	17813	11679	63173	27632	5875	340	6603	6216	12819	-535075.8030000001	-532509.647	2464149.1352192378	2566.1560000000754	constant_mig	3.4091300000000003e-4	2.6025900000000004e-4	5.251320000000001e-5	2.4209900000000004e-4	8.50026e-5	7.907620000000001e-4
33053	44712	72247	49642	65024	11596	62326	27955	5576	357	6043	5932	11976	-535087.2719999999	-532509.647	2464201.9519161	2577.6249999998836	constant_mig	3.51492e-4	2.3505399999999998e-4	5.04858e-5	3.27536e-4	9.085680000000003e-5	7.59959e-4
32964	63633	87018	42402	22749	13145	64452	40838	5914	197	3742	6111	9853	-535091.1789999999	-532509.647	2464219.9443160165	2581.53199999989	constant_mig	3.06681e-4	2.24284e-4	4.2890800000000006e-5	3.51058e-4	6.157640000000001e-5	4.65621e-4
32692	38026	48951	63832	52838	14737	64653	43161	7035	877	5586	7912	13498	-535082.735	-532509.647	2464181.0582589665	2573.087999999989	constant_mig	2.174e-4	2.3128499999999994e-4	7.32903e-5	3.6071200000000007e-4	4.1075199999999996e-5	4.41884e-4
32577	85923	71375	62480	32339	27486	366819	11961	7384	3970	1486	11354	12840	-535802.02	-532509.647	2467493.4880961953	3292.3730000000214	constant_mig	1.34571e-5	2.1703200000000003e-4	8.79673e-6	0.0013268	1.54341e-4	0.0036897
30332	41652	43061	47003	49172	13749	88419	41562	4740	3034	10980	7774	18754	-535093.7089999999	-532509.647	2464231.595396587	2584.061999999918	constant_mig	3.21957e-4	2.0475300000000006e-4	3.184130000000001e-5	2.48886e-4	4.3337800000000004e-5	4.599040000000001e-4
29596	71401	97299	51265	21271	11233	68741	24840	4226	932	2141	5158	7299	-535125.06	-532509.647	2464375.972087089	2615.4130000000587	constant_mig	2.97481e-4	3.1813200000000005e-4	7.35968e-5	1.4695899999999997e-4	3.3448399999999996e-5	0.0010158
29344	90706	81082	72980	70900	262191	126051	80185	3693	9576	3354	13269	16622	-550293.389	-532509.647	2534228.708569147	17783.74199999997	constant_mig	0.0088727	0.0068258	4.74871e-5	2.24985e-5	1.45124e-4	7.90256e-6
29123	30025	21455	82324	47614	15525	95947	71495	5470	6593	6992	12063	19055	-535156.6789999999	-532509.647	2464521.582963199	2647.03199999989	constant_mig	3.32895e-4	1.5316199999999998e-4	1.72499e-5	2.50362e-4	1.94861e-5	2.3570599999999997e-4
28564	40563	40175	33900	56901	13752	80952	45682	5712	2037	7604	7749	15353	-535093.798	-532509.647	2464232.005256734	2584.1509999999544	constant_mig	2.3752299999999998e-4	2.93061e-4	3.53185e-5	2.1463700000000003e-4	2.2307600000000003e-5	4.1592000000000007e-4
27632	68916	65492	39888	75935	15995	84584	39035	7583	456	1179	8039	9218	-535108.3350000001	-532509.647	2464298.9506157283	2598.688000000082	constant_mig	3.11848e-4	1.20466e-4	4.00513e-5	2.1077800000000006e-4	6.624539999999999e-5	5.419520000000001e-4
27589	65726	87237	67316	32668	11048	56655	28696	4719	504	1165	5222	6387	-535096.4410000001	-532509.647	2464244.176721536	2586.794000000111	constant_mig	3.0076300000000006e-4	3.40574e-4	6.099450000000001e-5	3.26285e-4	5.8156300000000004e-5	7.0539e-4
23623	71510	79496	50861	12112	12102	59749	26730	6337	580	187	6917	7104	-535096.487	-532509.647	2464244.3885593642	2586.8399999999674	constant_mig	3.50576e-4	2.2740800000000002e-4	6.67261e-5	3.2507200000000003e-4	7.05052e-5	7.62022e-4
210429	25532	91435	67601	60587	15176	45192	55606	11311	1097	8613	12408	21021	-535357.555	-532509.647	2465446.65112948	2847.908000000054	constant_mig	1.0379699999999998e-4	3.32129e-4	1.34246e-4	6.500400000000001e-4	3.59067e-5	1.74385e-4
208901	22260	57301	51003	30639	13939	77346	25003	10947	1004	13985	11951	25936	-535391.0160000001	-532509.647	2465600.7447290737	2881.3690000000643	constant_mig	3.41942e-4	1.1959500000000001e-4	6.983040000000002e-5	1.1102700000000002e-4	1.0173299999999998e-4	9.982200000000002e-4
19472	70306	70528	37331	58144	10651	57297	23082	4892	540	513	5431	5944	-535099.3910000001	-532509.647	2464257.761973585	2589.7440000000643	constant_mig	3.7405900000000005e-4	2.68255e-4	6.109560000000001e-5	2.5093200000000004e-4	9.7307e-5	9.60699e-4
18160	61484	58375	23485	34313	10633	55636	22435	4071	865	691	4936	5627	-535126.907	-532509.647	2464384.477836422	2617.2600000000093	constant_mig	3.07207e-4	3.27426e-4	3.8665200000000004e-5	3.75485e-4	1.2632e-4	9.97911e-4
180512	32596	42189	29646	55645	168782	1604866	508346	2689	48052	440	50741	51181	-534530.873	-532509.647	2461639.639829787	2021.2260000000242	constant_mig	5.663999999999999e-5	3.7463100000000004e-5	7.23301e-6	2.17142e-5	4.482620000000001e-6	9.81801e-5
179288	40392	110068	55820	40275	35662	168163	81929	11328	8876	324	20203	20527	-535090.384	-532509.647	2464216.283205719	2580.7369999999646	constant_mig	1.30503e-4	6.14716e-5	2.4972e-5	1.11558e-4	3.3613200000000005e-5	2.73085e-4
178579	17987	90025	63215	57212	21451	81415	56751	7774	3536	62	11310	11372	-535120.4739999999	-532509.647	2464354.8527766154	2610.826999999932	constant_mig	7.42051e-5	2.33913e-4	7.22442e-5	2.97379e-4	2.6813300000000006e-5	3.58554e-4
176607	36353	103405	58837	63113	26061	153680	79156	9059	8711	55	17770	17824	-535109.8160000001	-532509.647	2464305.770872774	2600.169000000111	constant_mig	1.6532e-4	1.0702700000000002e-4	1.9479299999999998e-05	1.3542600000000001e-4	2.7091400000000003e-5	2.41516e-4
176450	25792	95446	70128	76217	25810	175732	25579	8024	6221	141	14244	14385	-535280.585	-532509.647	2465092.191180264	2770.9379999999655	constant_mig	4.6518600000000006e-5	2.3296299999999999e-4	2.86286e-5	2.28214e-6	5.591160000000001e-5	0.0011904
17076	58586	55812	14205	65675	10630	49960	25803	5711	36	504	5748	6252	-535092.9480000001	-532509.647	2464228.0908620767	2583.301000000094	constant_mig	2.9596399999999996e-4	3.29645e-4	1.0095799999999999e-4	3.48056e-4	8.045180000000001e-5	8.439080000000001e-4
155750	84621	95041	22611	21265	83267	562294	54436	16453	25234	744	41687	42431	-535288.6510000001	-532509.647	2465129.336482985	2779.0040000000736	constant_mig	3.88679e-5	3.9802300000000003e-5	8.341299999999998e-6	4.8326e-6	6.0771600000000006e-5	5.438350000000001e-4
153643	3719	4509	22630	60538	17288	86937	16555	6906	23671	6788	30576	37365	-535211.3600000001	-532509.647	2464773.39827414	2701.7130000001052	constant_mig	3.09222e-4	4.819360000000001e-5	6.91915e-5	3.3348599999999994e-5	2.0231600000000005e-4	0.0015083
15284	72179	31370	58978	28310	16228	89717	55586	5533	1818	4047	7351	11397	-535128.8480000001	-532509.647	2464393.4164717537	2619.2010000001173	constant_mig	3.14324e-4	1.3805700000000002e-4	2.2204100000000003e-5	2.55924e-4	3.267170000000001e-5	3.3528099999999994e-4
14944	68587	25747	51815	46656	20567	112698	48893	6234	3366	2580	9600	12180	-535103.4310000001	-532509.647	2464276.366861136	2593.7840000001015	constant_mig	2.3973800000000003e-4	9.57897e-5	1.8968400000000003e-5	1.8626300000000002e-4	5.98893e-5	4.1249199999999987e-4
14212	59730	44468	34425	97725	10373	50964	27663	4831	714	406	5544	5950	-535088.314	-532509.647	2464206.7505034343	2578.667000000016	constant_mig	3.19542e-4	3.44178e-4	6.469670000000001e-5	4.451860000000001e-4	9.794349999999999e-5	6.36206e-4
14211	76239	18339	34287	14281	84917	859459	175275	804	9019	9729	9823	19552	-534550.281	-532509.647	2461729.0169727565	2040.6339999999618	constant_mig	1.46931e-4	9.61674e-5	1.1742000000000002e-5	3.777700000000001e-5	1.5520600000000002e-5	3.40865e-4
14106	68772	35063	34735	37357	14164	73363	43412	6597	1538	323	8135	8458	-535098.01	-532509.647	2464251.402233558	2588.363000000012	constant_mig	2.54959e-4	2.27689e-4	5.05254e-5	3.48671e-4	4.471870000000001e-5	4.4450000000000007e-4
14033	102277	19507	19376	38701	82511	751752	242930	1490	8248	13533	9739	23272	-534446.493	-532509.647	2461251.055569493	1936.8460000000196	constant_mig	1.1764800000000002e-4	7.492890000000001e-5	1.3101200000000001e-5	4.7719800000000003e-5	1.43738e-5	1.97665e-4
13909	68270	34822	12302	73249	13935	75860	38512	8202	151	485	8353	8838	-535094.509	-532509.647	2464235.279532736	2584.8619999999646	constant_mig	2.746e-4	2.2181100000000004e-4	5.5033600000000015e-5	2.0897300000000005e-4	4.991550000000001e-5	5.554479999999999e-4
137825	17183	66989	84327	10016	20129	88309	53052	9781	2791	231	12572	12803	-535084.5630000001	-532509.647	2464189.476510067	2574.9160000000848	constant_mig	1.8355e-4	1.4436199999999998e-4	5.18831e-5	2.1861800000000004e-4	4.9086800000000006e-5	3.48875e-4
13218	87506	36749	25731	41439	14906	90291	39526	8025	1116	1060	9141	10201	-535129.903	-532509.647	2464398.2749262997	2620.256000000052	constant_mig	2.6487600000000004e-4	1.95751e-4	5.0965200000000005e-5	1.50507e-4	2.8884200000000004e-5	5.976240000000002e-4
12142	58877	22376	23219	70789	17612	90457	40931	7170	1255	1272	8425	9697	-535095.113	-532509.647	2464238.061055529	2585.466000000015	constant_mig	2.4443200000000005e-4	1.444e-4	4.462240000000001e-5	1.87391e-4	3.707220000000001e-5	5.3593e-4
109041	2597	2671	63190	36417	10631	42258	26369	4856	27760	8882	32616	41498	-535077.3180000001	-532509.647	2464156.1120520695	2567.6710000000894	constant_mig	2.9103e-4	3.4086e-4	1.11293e-4	4.74592e-4	9.58686e-5	7.206780000000001e-4
10651	69016	21597	13307	19649	15275	90970	52873	6356	2450	1622	8806	10428	-535113.559	-532509.647	2464323.0080247796	2603.912000000011	constant_mig	2.57504e-4	2.02926e-4	2.3887300000000004e-5	2.3291700000000002e-4	3.83824e-5	3.48761e-4
10626	60332	24992	21252	85995	14379	71195	33915	6646	689	699	7335	8034	-535092.312	-532509.647	2464225.161973838	2582.6650000000373	constant_mig	2.00906e-4	2.6880000000000003e-4	6.099820000000001e-5	3.2618200000000006e-4	5.950600000000001e-5	6.221760000000001e-4
10024	91463	12655	85723	47563	56444	742255	217028	1716	6599	12928	8315	21243	-534368.4510000001	-532509.647	2460891.658877839	1858.8040000001201	constant_mig	1.42413e-4	9.552200000000001e-5	1.37795e-5	3.31989e-5	1.1234700000000001e-5	2.0324799999999998e-4
95792	74010	69234	31180	49302	32671	172882	76713	1805	24087	414	25891	26306	-534187.4260000001	-532509.647	2460058.00794492	1677.7790000000969	recent_mig	2.6600200000000005e-4	1.41225e-4	6.18935e-5	2.0406200000000003e-4	8.247659999999999e-5	3.86786e-4
91501	67832	70330	65466	58666	20147	87015	47873	913	21871	755	22784	23540	-534200.9560000001	-532509.647	2460120.315897537	1691.3090000001248	recent_mig	4.56567e-4	2.56664e-4	1.36146e-4	4.7020400000000005e-4	1.5928e-4	6.694779999999999e-4
89659	24074	40172	46097	78460	12009	70506	25030	8458	237	23449	8695	32144	-535264.0460000001	-532509.647	2465016.0262705586	2754.399000000092	recent_mig	3.0929499999999996e-4	2.7703600000000004e-4	4.2169700000000004e-5	2.5009900000000005e-4	8.44174e-5	8.87182e-4
8800	39268	19960	49481	64887	10342	45249	27236	4614	563	358	5176	5534	-535083.735	-532509.647	2464185.6634291527	2574.087999999989	recent_mig	3.5248100000000003e-4	2.9487100000000004e-4	8.554040000000001e-5	5.56008e-4	7.971600000000002e-5	7.199360000000001e-4
87652	96120	80343	48893	83160	36532	163005	92295	2308	24289	3730	26597	30327	-534215.8630000001	-532509.647	2460188.965169499	1706.2160000001313	recent_mig	1.9269199999999998e-4	1.25889e-4	6.084690000000001e-5	1.89792e-4	5.1041399999999996e-5	2.8514299999999996e-4
85236	63734	53957	53668	57080	15961	99463	69180	1054	23905	547	24959	25506	-534191.6610000001	-532509.647	2460077.510840658	1682.014000000083	recent_mig	4.322809999999999e-4	4.04643e-4	8.33403e-5	4.386300000000001e-4	7.31353e-5	4.758660000000001e-4
84306	84706	67303	30014	66094	33350	184274	94438	2058	26276	6024	28334	34359	-534188.753	-532509.647	2460064.119005757	1679.1060000000289	recent_mig	1.7057899999999997e-4	2.2217600000000004e-4	5.75615e-5	2.0119e-4	5.239670000000001e-5	3.0295300000000007e-4
83442	88016	71995	63299	58809	17566	97140	42554	875	24383	3501	25257	28758	-534180.0160000001	-532509.647	2460023.8836338418	1670.3690000000643	recent_mig	4.1923099999999994e-4	3.9437200000000004e-4	1.44118e-4	3.9393e-4	9.448490000000001e-5	8.09921e-4
81960	89127	67109	32618	32811	29832	136749	124576	1941	27311	9732	29252	38984	-534216.977	-532509.647	2460194.095329086	1707.329999999958	recent_mig	1.5530400000000002e-4	2.7272000000000006e-4	6.577250000000001e-5	3.45707e-4	5.2531700000000004e-5	1.8255299999999999e-4
81884	96695	75473	41569	35912	22758	100519	65621	1056	24438	8028	25494	33522	-534198.0989999999	-532509.647	2460107.1589263147	1688.451999999932	recent_mig	2.78215e-4	3.85744e-4	1.0901700000000002e-4	4.857499999999999e-4	9.864880000000002e-5	4.90361e-4
79591	110021	83782	46123	36171	36753	157360	82426	1715	24180	10110	25895	36006	-534189.26	-532509.647	2460066.453827041	1679.613000000012	recent_mig	1.65054e-4	2.0056599999999998e-4	1.0407400000000001e-4	2.2866900000000003e-4	6.960460000000001e-5	3.7838300000000004e-4
76159	89221	63988	37467	60009	30684	165865	107795	2072	24802	9188	26874	36062	-534179.103	-532509.647	2460019.679113462	1669.4560000000056	recent_mig	2.0831500000000004e-4	1.9778899999999997e-4	5.6552e-5	2.3304099999999997e-4	3.9979100000000005e-5	2.7532800000000003e-4
76143	74881	59551	95036	52954	31483	152059	102170	1961	22703	1810	24664	26474	-534185.4310000001	-532509.647	2460048.820630399	1675.7840000001015	recent_mig	2.33777e-4	1.7091899999999998e-4	6.589270000000002e-5	2.3673000000000002e-4	5.86835e-5	2.73094e-4
76007	108092	71271	27382	36430	31180	201027	73355	1778	26892	11269	28671	39940	-534188.112	-532509.647	2460061.167091667	1678.4649999999674	recent_mig	1.82207e-4	2.66951e-4	6.470680000000002e-5	1.61991e-4	4.349660000000001e-5	4.7312400000000017e-4
75158	117125	84464	45303	75825	27546	108538	83734	1202	23283	23998	24485	48483	-534152.11	-532509.647	2459895.3717546314	1642.4629999999888	recent_mig	1.97157e-4	3.24895e-4	1.18066e-4	4.1502099999999996e-4	8.433219999999999e-5	3.52394e-4
74149	59344	87683	80593	49208	18354	145821	59174	8573	6027	652	14601	15252	-535162.8550000001	-532509.647	2464550.0244942685	2653.2080000001006	recent_mig	2.85455e-4	1.18162e-4	1.07361e-5	1.25184e-4	2.8919499999999996e-5	3.47091e-4
72528	92937	82037	20038	75453	30653	152051	84500	3385	16974	7132	20359	27492	-534704.2729999999	-532509.647	2462438.176340037	2194.625999999931	recent_mig	1.47295e-4	1.31449e-4	2.86881e-5	1.50682e-4	2.8061300000000002e-5	2.3847e-4
71147	100638	75496	9008	68018	18627	82853	51079	779	22189	16638	22968	39605	-534146.459	-532509.647	2459869.347937911	1636.8120000000345	recent_mig	3.53545e-4	4.4475099999999996e-4	1.8880100000000002e-4	5.6226e-4	1.41429e-4	6.293340000000001e-4
71008	39254	87386	63417	78605	14758	83359	45771	6328	3239	221	9567	9788	-535097.399	-532509.647	2464248.588474574	2587.7519999999786	recent_mig	3.0879900000000006e-4	1.66086e-4	3.45306e-5	2.63974e-4	4.1733800000000004e-5	3.98604e-4
67198	96872	71116	52642	60256	20075	102028	45151	906	20682	15198	21588	36786	-534130.3660000002	-532509.647	2459795.236934108	1620.7190000001574	recent_mig	3.7653000000000003e-4	3.3512799999999997e-4	1.2451299999999998e-4	3.5649600000000004e-4	1.35399e-4	7.8899e-4
631839	12287	23005	31917	68502	25151	358541	77512	2985	42353	9359	45338	54697	-534880.8150000001	-532509.647	2463251.1822950123	2371.1680000000633	recent_mig	3.8646e-4	7.8144e-5	2.0093100000000002e-5	7.67717e-5	4.5729600000000003e-5	4.6383200000000007e-4
631190	16995	40056	57803	41662	12921	830368	10375	1528	47704	9071	49232	58304	-535618.8030000001	-532509.647	2466649.7426302293	3109.1560000000754	recent_mig	4.78858e-4	3.537130000000001e-4	7.499260000000002e-5	0.0031298	1.3596500000000002e-4	0.0036876
627323	19278	95791	50711	54915	14794	78735	35743	734	32411	34	33145	33179	-534199.988	-532509.647	2460115.8580927965	1690.341000000015	recent_mig	4.118979999999999e-4	5.624869999999999e-4	1.61483e-4	4.8381e-4	1.42612e-4	9.25706e-4
61695	73067	56022	79743	87144	21775	104017	63225	1156	18365	9567	19521	29088	-534177.143	-532509.647	2460010.6529798973	1667.4960000000428	recent_mig	2.65304e-4	3.4536399999999997e-4	1.0543400000000001e-4	4.314379999999999e-4	9.30396e-5	4.6449599999999995e-4
6050	65468	14591	66133	46024	492643	1654760	947583	41	2156	5049	2197	7246	-534811.972	-532509.647	2462934.1485638977	2302.3249999999534	recent_mig	4.1162900000000005e-4	0.0067463	0.0026767	0.007956600000000001	0.0019154	0.008315699999999999
60274	103570	64383	59471	11676	30672	188091	62008	1418	19039	16148	20457	36605	-534179.167	-532509.647	2460019.973844354	1669.5200000000186	recent_mig	2.0099999999999998e-4	2.6495500000000004e-4	9.71067e-5	1.49229e-4	4.040720000000001e-5	6.44812e-4
60081	85151	63144	43567	13562	10483	49744	26246	389	17464	16396	17853	34249	-534151.4180000001	-532509.647	2459892.184976863	1641.7710000000661	recent_mig	7.21446e-4	8.655670000000001e-4	2.8028399999999995e-4	8.68331e-4	2.6815300000000003e-4	0.0014641
59343	99432	67589	71759	35024	19861	80067	67993	805	18245	19237	19049	38287	-534156.414	-532509.647	2459915.192407112	1646.7669999999925	recent_mig	3.27408e-4	4.2180799999999997e-4	1.6353500000000003e-4	6.59439e-4	1.04927e-4	4.3350600000000006e-4
5900	62411	9445	50578	31093	10734	143858	28231	637	3907	6259	4545	10804	-534215.025	-532509.647	2460185.106036883	1705.378000000026	recent_mig	0.0011698	1.9097699999999997e-4	7.63189e-5	1.8836500000000002e-4	1.6970500000000003e-4	0.0014841000000000001
52111	35721	36261	78144	34297	14947	69563	46813	943	12920	309	13862	14171	-534187.314	-532509.647	2460057.492165859	1677.6670000000158	recent_mig	4.7647099999999996e-4	3.5469200000000004e-4	1.36747e-4	5.469800000000001e-4	1.27182e-4	5.74554e-4
51832	86145	55822	37698	41369	21891	111079	59716	928	16382	18435	17310	35745	-534134.037	-532509.647	2459812.14251386	1624.390000000014	recent_mig	3.56457e-4	3.42101e-4	1.24301e-4	3.83262e-4	8.69367e-5	6.20077e-4
5173	72254	12157	62464	55287	11632	88104	33240	745	4630	3361	5374	8736	-534152.1799999999	-532509.647	2459895.6941165444	1642.5329999999376	recent_mig	6.61615e-4	4.4336500000000014e-4	1.3590500000000002e-4	3.69716e-4	1.08512e-4	0.0010261
51146	75781	48548	62192	13124	25170	146862	64692	1356	17333	10137	18689	28826	-534137.105	-532509.647	2459826.271175991	1627.4579999999842	recent_mig	3.6931400000000004e-4	1.822e-4	7.279400000000001e-5	2.5055300000000004e-4	8.131169999999998e-5	5.46238e-4
4907	78997	10424	33459	46793	12628	10439	230848	905	4659	7634	5564	13198	-535854.713	-532509.647	2467736.1483288053	3345.0659999999916	recent_mig	2.1441100000000007e-5	9.768169999999998e-4	2.6453200000000005e-4	0.0085959	1.6690400000000002e-5	0.0048578
48103	73848	54961	30948	65144	18334	103422	27916	748	15281	26312	16028	42340	-534150.414	-532509.647	2459887.561385996	1640.7669999999925	recent_mig	4.6863300000000004e-4	3.4613600000000003e-4	1.75616e-4	2.59093e-4	1.51133e-4	0.0013340000000000001
47912	40941	84782	22581	63665	11293	73473	26309	7656	31	1225	7687	8913	-535126.814	-532509.647	2464384.049555595	2617.167000000016	recent_mig	3.8619200000000005e-4	2.2904300000000004e-4	4.7519500000000005e-5	1.6003700000000003e-4	7.689670000000001e-5	0.00088418199999999985
47621	48726	84851	66551	36898	14959	76676	36327	6649	1672	6287	8321	14608	-535098.4160000001	-532509.647	2464253.2719326536	2588.7690000000875	recent_mig	1.63033e-4	3.06295e-4	7.05456e-5	2.4817000000000003e-4	2.6445800000000007e-5	6.078600000000001e-4
43722	191682	77598	72969	21404	321236	1008558	666940	41	11313	22905	11354	34259	-534772.261	-532509.647	2462751.2726506423	2262.6140000000596	recent_mig	5.498850000000001e-4	0.0059704	0.0026020999999999996	0.0082355000000000015	0.0017336	0.0070084000000000006
43538	69730	45677	40009	63365	16879	100230	43124	809	13925	18976	14733	33709	-534110.145	-532509.647	2459702.1157877767	1600.4980000000214	recent_mig	5.11904e-4	3.42402e-4	1.09563e-4	3.8624499999999996e-4	1.2131999999999998e-4	8.15232e-4
4298	76327	8009	31097	24129	15528	184085	48580	1059	3140	6664	4199	10863	-534182.237	-532509.647	2460034.1117168246	1672.5899999999674	recent_mig	5.6785e-4	2.70121e-4	4.9793000000000016e-5	1.45422e-4	8.189780000000001e-5	7.786800000000001e-4
41836	74149	51920	58939	84303	10189	46065	11074	163	12464	12282	12626	24908	-534375.134	-532509.647	2460922.4352301913	1865.4869999999646	recent_mig	3.54212e-4	0.0026274	8.84614e-4	0.001154	3.45325e-4	0.0056526
41720	87919	44495	28862	48699	15487	106452	59049	933	16426	9670	17358	27028	-534149.354	-532509.647	2459882.679905599	1639.707000000053	recent_mig	5.58521e-4	3.1247400000000003e-4	9.308930000000001e-5	3.7433200000000006e-4	8.554290000000001e-5	6.116429999999999e-4
41305	56799	65369	61673	51405	19346	101721	57110	9231	1002	6239	10232	16471	-535091.223	-532509.647	2464220.1469435054	2581.576000000001	recent_mig	2.1417700000000002e-4	1.4243899999999998e-4	4.0568900000000004e-5	2.47495e-4	3.6098100000000006e-5	3.46879e-4
40872	106862	52859	74575	80285	17709	111719	45822	823	14407	11771	15231	27002	-534131.3640000001	-532509.647	2459799.832893953	1621.7170000000624	recent_mig	4.81003e-4	3.24861e-4	1.22128e-4	3.00113e-4	1.06516e-4	8.2593e-4
404089	19758	75781	27850	18335	34380	180519	73896	1962	26563	27	28525	28553	-534196.078	-532509.647	2460097.851877369	1686.4309999999823	recent_mig	2.0849500000000003e-4	1.58044e-4	6.63216e-5	2.0435100000000005e-4	7.35742e-5	3.9479500000000003e-4
403519	21865	86786	53736	72030	10714	57003	20539	9408	274	11221	9682	20903	-535475.7729999999	-532509.647	2465991.0651385267	2966.125999999931	recent_mig	3.3513999999999994e-4	3.11603e-4	9.422470000000002e-5	1.38452e-4	1.01479e-4	0.0012368000000000001
40252	193510	71347	83623	48936	247605	838281	588061	43	11067	23229	11110	34339	-534774.881	-532509.647	2462763.3381965295	2265.234000000055	recent_mig	5.908830000000001e-4	0.005884	0.0027029	0.0076794	0.0016761999999999997	0.0064933000000000005
392552	34385	95251	41270	39921	35997	183792	103618	2046	34775	47	36821	36868	-534198.7660000001	-532509.647	2460110.230574829	1689.1190000000643	recent_mig	1.46809e-4	2.29867e-4	7.061240000000001e-5	2.03722e-4	3.73881e-5	3.17537e-4
39033	201074	66316	28655	46701	61581	259912	128966	44	9309	26555	9353	35908	-534761.265	-532509.647	2462700.634199277	2251.6180000000168	recent_mig	0.0048669	0.0015343000000000002	0.0011293	0.0042613	0.0016681999999999997	0.008755399999999998
376711	22195	73312	10557	63001	14140	71743	28298	10023	1287	12620	11310	23930	-535493.934	-532509.647	2466074.699634275	2984.287000000011	recent_mig	3.67106e-4	1.21721e-4	6.74115e-5	1.91607e-4	6.76877e-5	9.04572e-4
37458	197899	71556	21213	36968	307866	1011450	573848	12	9777	21450	9790	31240	-534784.8610000001	-532509.647	2462809.2977949865	2275.2140000001527	recent_mig	0.008733	0.012068299999999999	0.007903	0.0227183	0.0073806	0.027051900000000004
36186	205723	69764	80223	72040	109839	406825	159255	46	10463	22772	10509	33280	-534746.81	-532509.647	2462634.066464239	2237.1630000000587	recent_mig	0.0010918	0.0050136	0.0019952	0.005516399999999999	0.0016481999999999998	0.010351599999999999
34944	76274	42040	15137	82176	21601	144685	27123	766	11839	10241	12606	22847	-534271.0560000001	-532509.647	2460443.1383275744	1761.4090000001015	recent_mig	2.5682300000000004e-4	5.379000000000001e-4	1.83651e-4	1.5798199999999998e-4	6.374479999999999e-5	0.0015929000000000002
33578	87153	42433	42510	80647	17879	120437	33377	753	12768	9785	13521	23307	-534163.096	-532509.647	2459945.9641542947	1653.4490000000224	recent_mig	4.4482300000000006e-4	4.17472e-4	1.5084700000000001e-4	2.43652e-4	1.33923e-4	0.0011897
33415	71816	41726	52624	12532	22239	117584	41163	841	10921	11608	11762	23370	-534157.434	-532509.647	2459919.889680702	1647.7870000000112	recent_mig	3.8313599999999996e-4	2.98078e-4	1.49942e-4	2.84525e-4	1.40684e-4	8.987880000000001e-4
33381	72538	39217	8273	61751	10129	65948	24044	373	11006	12083	11380	23462	-534143.0610000001	-532509.647	2459853.699569619	1633.4140000001062	recent_mig	0.0010858	5.7344e-4	2.0145200000000002e-4	6.19765e-4	2.69202e-4	0.001852
33088	162523	58322	60810	44519	28569	110612	56085	14	8611	20344	8625	28968	-534746.9	-532509.647	2462634.4809295554	2237.253000000026	recent_mig	0.0060114999999999995	0.013970000000000002	0.0068858	0.017126799999999998	0.005974199999999999	0.025542
32951	88557	42210	58501	28999	18061	115868	47338	867	12649	10022	13516	23538	-534138.9010000001	-532509.647	2459834.542061645	1629.2540000000736	recent_mig	4.1638199999999997e-4	3.6613000000000005e-4	1.09351e-4	3.17383e-4	1.1202600000000001e-4	7.65283e-4
322629	21908	74990	29224	46285	13782	113622	27946	13858	1945	8883	15803	24686	-535476.191	-532509.647	2465992.990099665	2966.5439999999944	recent_mig	3.07975e-4	1.93708e-4	3.58801e-5	1.6265e-5	6.37091e-5	9.49157e-4
31482	65944	37380	55661	39548	10183	62447	25757	351	9753	13471	10103	23574	-534149.56	-532509.647	2459883.6285706577	1639.9130000000587	recent_mig	0.0010554	6.178140000000001e-4	2.3759999999999995e-4	7.358670000000001e-4	2.55953e-4	0.0017068
31407	73848	39139	68610	57749	10119	72167	15425	334	10365	11953	10699	22652	-534175.716	-532509.647	2460004.081402042	1666.0690000000177	recent_mig	0.0010509	6.942660000000001e-4	2.97715e-4	3.9690499999999997e-4	2.91259e-4	0.0028550999999999997
31400	81549	37832	22537	67026	10397	82003	25895	442	11008	12443	11451	23894	-534143.93	-532509.647	2459857.7014625105	1634.283000000054	recent_mig	8.96332e-4	6.232890000000001e-4	1.65543e-4	4.399220000000001e-4	2.0657800000000004e-4	0.0015435000000000002
31077	54101	36493	80483	48375	10258	61559	13652	337	9423	12713	9760	22473	-534184.439	-532509.647	2460044.252301574	1674.7920000000158	recent_mig	8.213389999999999e-4	8.41814e-4	3.7400000000000004e-4	4.5041699999999994e-4	3.01192e-4	0.0028512000000000003
308872	22782	72474	69023	73601	13452	47935	39287	9164	1241	14046	10405	24450	-535395.1769999999	-532509.647	2465619.906842217	2885.5299999999115	recent_mig	1.5578e-4	3.247590000000001e-4	5.9863600000000014e-5	6.4779e-4	1.0418199999999999e-4	2.9664599999999996e-4
29424	70544	38023	68968	52499	10153	63290	15177	295	9554	11056	9848	20904	-534207.957	-532509.647	2460152.5566940084	1698.3100000000559	recent_mig	0.0016014999999999998	2.17619e-4	3.6787800000000003e-4	4.85327e-4	4.3431e-4	0.0030413000000000003
29408	72471	36283	77808	49993	10122	59822	32049	386	9629	10055	10014	20069	-534155.764	-532509.647	2459912.199046491	1646.1169999999693	recent_mig	9.168259999999999e-4	6.92256e-4	2.0460200000000002e-4	9.218119999999997e-4	1.84074e-4	0.0012918
29132	56115	42976	6508	76648	615902	1374567	737794	48	7966	10829	8014	18843	-535033.586	-532509.647	2463954.7187494957	2523.939000000013	recent_mig	1.1223500000000003e-4	0.0057223000000000005	0.0040527	0.008561	0.0032058	0.008003099999999999
28958	51312	31724	17111	8023	15576	81994	44280	732	9544	11984	10276	22260	-534131.4600000001	-532509.647	2459800.2749902913	1621.813000000082	recent_mig	4.55271e-4	4.488940000000001e-4	1.60896e-4	5.082309999999999e-4	1.4354e-4	7.651460000000001e-4
26447	117986	47832	94443	28804	371860	1225328	649346	47	7031	15044	7078	22122	-534779.152	-532509.647	2462783.0068783937	2269.5050000000047	recent_mig	7.333680000000001e-4	0.0050193	0.0023581	0.0065462	0.0013185999999999999	0.0080136
261979	21539	85995	36561	19099	10172	36454	43577	8553	1163	8691	9716	18407	-535381.327	-532509.647	2465556.1252351413	2871.680000000051	recent_mig	3.19394e-4	3.54904e-4	1.2110299999999998e-4	7.67838e-4	7.62314e-5	1.78557e-4
25940	74036	30713	30104	40360	32286	202698	89878	1927	9652	12049	11579	23628	-534193.2039999999	-532509.647	2460084.616618254	1683.5569999999134	recent_mig	2.22622e-4	1.7158199999999998e-4	4.3151499999999995e-5	1.70997e-4	4.7178299999999995e-5	3.6229700000000003e-4
25751	137898	45884	28713	63526	172213	701250	324650	17	7099	17505	7116	24621	-534772.025	-532509.647	2462750.1858304786	2262.378000000026	recent_mig	0.0055625	0.0113999	0.0060879	0.012570000000000001	0.004508300000000001	0.025152900000000002
255810	38416	85665	66745	83496	31714	147479	78426	1641	28260	26	29901	29927	-534186.6560000001	-532509.647	2460054.461963877	1677.0090000000782	recent_mig	2.7026e-4	1.5464500000000002e-4	7.591370000000001e-5	2.51651e-4	7.35727e-5	4.160519999999999e-4
248050	23540	91106	29217	31395	12449	67222	27289	11335	747	8107	12082	20189	-535414.586	-532509.647	2465709.288590357	2904.939000000013	recent_mig	2.92674e-4	2.6727399999999996e-4	5.536280000000001e-5	1.91644e-4	5.3771e-5	8.975380000000001e-4
242309	21540	79187	73703	36871	10813	38534	35150	7892	852	10631	8744	19374	-535361.8360000001	-532509.647	2465466.3658630466	2852.1890000001295	recent_mig	2.27106e-4	3.80533e-4	1.6520100000000002e-4	8.377290000000001e-4	8.929090000000002e-5	2.70267e-4
240259	21885	74410	17963	56472	12057	56143	26383	9274	385	10086	9658	19744	-535424.203	-532509.647	2465753.5765120354	2914.5559999999823	recent_mig	1.61679e-4	4.113579999999999e-4	8.902730000000002e-5	3.03617e-4	5.837240000000001e-5	8.49742e-4
23003	116156	42066	90839	70782	282094	975532	517561	9	5859	13687	5868	19555	-534787.63	-532509.647	2462822.0495112306	2277.9830000000075	recent_mig	0.015372	0.0128817	0.0092315	0.0256032	0.010232000000000002	0.039533900000000004
220607	39866	75169	30243	28670	36397	197180	96452	2294	28080	63	30374	30437	-534187.0310000001	-532509.647	2460056.1889026966	1677.3840000000782	recent_mig	1.7053199999999999e-4	1.83327e-4	5.448050000000001e-5	1.79093e-4	4.06079e-5	3.2010900000000006e-4
2146	25924	4675	71637	57283	275525	919029	669553	48	761	2272	809	3081	-534901.6560000001	-532509.647	2463347.1586468583	2392.0090000000782	recent_mig	0.0065578	1.0260000000000001e-4	0.0017315000000000002	0.005520499999999999	0.0016145	0.0082033
207833	74060	101277	11846	73668	38463	198892	107715	2168	37227	226	39395	39621	-534187.464	-532509.647	2460058.182941387	1677.8170000000391	recent_mig	1.54649e-4	2.0018099999999999e-4	5.4043700000000006e-5	2.01968e-4	4.63278e-5	2.80252e-4
207479	40493	94391	58454	75356	512743	809099	798402	42	19280	19	19321	19341	-535489.2189999999	-532509.647	2466052.9862568476	2979.5719999999274	recent_mig	0.0071046	6.16776e-5	0.0047883000000000005	0.0095033	0.0033353999999999996	0.0117042
200841	74975	91864	16546	67732	38377	242106	121022	2558	40375	214	42934	43148	-534172.569	-532509.647	2459989.588931467	1662.9220000000205	recent_mig	2.0939900000000003e-4	1.3637599999999998e-4	3.5331000000000004e-5	1.4584800000000002e-4	3.8625200000000004e-5	2.65415e-4
200713	37064	76562	31666	16264	15507	81013	32205	729	23940	76	24669	24745	-534191.73	-532509.647	2460077.8285974003	1682.0829999999842	recent_mig	5.045000000000001e-4	4.3221699999999993e-4	1.80546e-4	4.122729999999999e-4	1.40138e-4	0.0011184
200635	39640	72814	52901	44954	34719	190354	82236	2004	27327	34	29331	29365	-534193.2739999999	-532509.647	2460084.938980167	1683.6269999998622	recent_mig	1.6274199999999998e-4	2.2021100000000002e-4	6.942820000000001e-5	1.74076e-4	4.98718e-5	3.84084e-4
185637	36732	71686	56848	65388	16998	77003	46691	783	23436	48	24219	24268	-534188.554	-532509.647	2460063.2025768897	1678.9070000000065	recent_mig	4.4258400000000004e-4	4.1326700000000004e-4	1.58334e-4	5.50578e-4	1.44935e-4	7.030560000000001e-4
18006	69447	26494	64338	61599	14653	92297	41672	676	7658	6833	8334	15167	-534158.03	-532509.647	2459922.6343621328	1648.3830000000307	recent_mig	4.893479999999999e-4	4.86192e-4	1.6984600000000003e-4	4.02955e-4	1.08187e-4	9.78187e-4
16979	84620	27955	46977	58616	10172	75309	16269	320	7040	8130	7360	15490	-534193.6799999999	-532509.647	2460086.8086792626	1684.0329999999376	recent_mig	0.0010796999999999998	6.841960000000001e-4	2.6566499999999994e-4	3.5273100000000006e-4	2.50403e-4	0.0028816000000000002
163115	71243	88826	64946	74417	12312	78040	28137	633	33239	558	33872	34430	-534201.81	-532509.647	2460124.2487128754	1692.1630000000587	recent_mig	6.38319e-4	5.563020000000001e-4	1.7991100000000002e-4	3.7795000000000005e-4	1.52337e-4	0.0013838
162570	71548	95260	54709	58228	10539	60225	12592	350	30360	460	30711	31171	-534327.804	-532509.647	2460704.4725252884	1818.1570000000065	recent_mig	4.95381e-4	0.0012444000000000003	5.21414e-4	4.1018900000000004e-4	2.1147e-4	0.0032228
15849	72145	25966	76789	37904	10116	53595	31657	377	7185	5619	7562	13180	-534167.1919999999	-532509.647	2459964.826931376	1657.5449999999255	recent_mig	7.465979999999999e-4	8.99739e-4	2.9887800000000003e-4	9.58029e-4	2.54029e-4	0.0012511
15497	84903	30013	58654	35766	10205	51360	10839	134	5909	6498	6043	12541	-534379.991	-532509.647	2460944.802541785	1870.344000000041	recent_mig	0.0014358	0.0016326	8.825170000000001e-4	9.420030000000001e-4	7.25012e-4	0.0062003
149316	70246	81019	54835	48228	44476	222403	142940	3039	31535	570	34574	35144	-534197.763	-532509.647	2460105.611589133	1688.1160000000382	recent_mig	1.5666100000000002e-4	1.1790500000000002e-4	4.364879999999999e-5	1.51824e-4	3.1010500000000004e-5	2.05928e-4
14764	71527	20327	54133	37101	29974	217886	75721	1863	7402	7392	9265	16658	-534241.245	-532509.647	2460305.8535991595	1731.5979999999981	recent_mig	1.74155e-4	2.4453e-4	5.821060000000001e-5	1.52088e-4	4.242250000000001e-5	4.3450099999999995e-4
145721	89763	87626	60803	28989	25647	164631	81949	1650	37580	470	39230	39701	-534179.5430000001	-532509.647	2460021.705388344	1669.8960000000661	recent_mig	3.45382e-4	1.70612e-4	6.808460000000001e-5	2.4293200000000004e-4	6.10388e-5	4.001140000000001e-4
14554	69467	24810	13591	26142	12579	78152	24826	598	7150	3788	7748	11537	-534164.158	-532509.647	2459950.8548450326	1654.5110000000568	recent_mig	5.817429999999999e-4	5.476870000000002e-4	2.05516e-4	4.0365e-4	1.60397e-4	0.001384
14159	101343	30666	47210	67057	538909	1612599	929288	98	4962	8797	5060	13857	-534799.022	-532509.647	2462874.511609989	2289.375	recent_mig	1.47527e-4	0.0027884000000000003	0.0015184	0.0033017000000000003	8.082550000000001e-4	0.0040696000000000005
141076	19538	41750	14636	31343	12636	41292	51477	9114	1779	14796	10893	25689	-535341.244	-532509.647	2465371.536198576	2831.5969999999506	recent_mig	2.1024e-4	3.2376000000000003e-4	1.0413e-4	7.501020000000001e-4	6.44641e-5	1.7569299999999999e-4
13820	63390	20879	18611	34188	10597	82867	22028	377	5973	6496	6350	12846	-534167.615	-532509.647	2459966.7749183653	1657.9679999999935	recent_mig	0.0011703	5.09861e-4	2.2036700000000004e-4	4.41563e-4	2.62298e-4	0.0020798
13607	87397	26200	38512	61410	10257	67129	10209	179	5523	7400	5702	13102	-534339.8690000001	-532509.647	2460760.033903583	1830.222000000067	recent_mig	0.0022492000000000002	2.2075800000000007e-4	4.78768e-4	3.7547800000000005e-4	7.23095e-4	0.0058159
133926	68297	75896	77362	46254	38085	212419	102252	2431	29875	300	32306	32607	-534181.91	-532509.647	2460032.605826174	1672.2630000000354	recent_mig	1.90839e-4	1.43437e-4	5.213690000000001e-5	1.55269e-4	4.1857400000000003e-5	3.11935e-4
9919	86458	19398	66541	32341	299967	1661384	716178	330	6731	6780	7061	13841	-535096.4430000001	-532509.647	2464244.185931877	2586.7960000000894	early_mig	1.36636e-4	2.33559e-4	4.5946400000000004e-5	1.54975e-4	2.33829e-5	5.02825e-4
9625	83246	18834	81096	55600	338870	1736752	662391	413	5200	7081	5613	12694	-535111.296	-532509.647	2464312.5865246486	2601.648999999976	early_mig	1.9829800000000002e-4	1.70242e-4	4.814409999999999e-5	1.6582100000000002e-4	4.7371900000000006e-5	6.432640000000002e-4
7695	18000	8304	40819	61921	125418	680679	286929	104	5407	61	5511	5572	-535123.459	-532509.647	2464368.599209621	2613.8120000000345	early_mig	2.09179e-4	6.581270000000001e-4	8.895380000000002e-5	4.0794100000000004e-4	7.79592e-5	0.0011609
728631	27526	86549	54352	51432	91661	414991	284405	4403	55453	8073	59856	67929	-537096.762	-532509.647	2473455.995353142	4587.114999999991	early_mig	0.007530299999999999	0.0010155000000000001	5.635290000000001e-5	6.200400000000001e-5	0.0060366	0.0059872
716418	12409	39060	75260	68012	375743	1019696	936220	178	29428	6382	29606	35988	-535496.225	-532509.647	2466085.250079171	2986.5779999999795	early_mig	1.11988e-4	4.42152e-5	4.10033e-5	2.69428e-4	5.3067200000000006e-5	1.3049400000000001e-4
6750	91784	9576	42444	19472	383660	2557983	982122	1259	2313	15193	3572	18765	-535129.671	-532509.647	2464397.206526816	2620.023999999976	early_mig	2.1246200000000004e-4	5.38918e-4	6.70159e-5	2.3133900000000003e-4	1.7543700000000003e-5	0.0010096999999999999
615423	13284	31900	31804	55588	283729	1116908	767867	620	33547	9159	34166	43326	-535413.0510000001	-532509.647	2465702.219654122	2903.404000000097	early_mig	6.90958e-5	1.2926500000000002e-4	5.3291499999999996e-5	1.8521500000000002e-4	2.61568e-5	2.1818200000000003e-4
58294	70880	50058	14719	44296	138434	607187	348300	10	25775	7516	25784	33301	-535090.7699999999	-532509.647	2464218.0608014106	2581.122999999905	early_mig	6.488250000000001e-5	6.779260000000002e-5	2.2962200000000002e-5	9.288419999999999e-5	2.1208400000000002e-5	1.48826e-4
481506	14971	96201	50058	28530	28703	131658	87411	1393	17301	2467	18694	21161	-537157.522	-532509.647	2473735.805493642	4647.875	early_mig	1.0295899999999999e-4	4.0789099999999996e-4	0.007605	0.0049922	0.0085419	0.0073686
4651	82146	7841	34458	18811	285396	1565893	893798	841	1776	10082	2617	12700	-535146.102	-532509.647	2464472.874078142	2636.454999999958	early_mig	2.2393300000000003e-4	7.29554e-4	1.29162e-4	5.45724e-4	3.1527300000000006e-5	9.365130000000003e-4
4276	71732	8643	40156	13268	278158	1570053	797245	478	2189	7262	2667	9929	-535048.542	-532509.647	2464023.593674797	2538.8950000000186	early_mig	3.876439999999999e-4	4.5018500000000003e-4	9.17706e-5	3.72147e-4	6.79391e-5	8.582980000000002e-4
417727	9229	87531	22152	64433	35425	169478	113726	1724	15605	14	17330	17344	-536950.0819999999	-532509.647	2472780.508990261	4440.4349999999395	early_mig	0.0010531	0.0024753	0.007677	0.0024122	0.009440399999999998	0.007488900000000001
4106	72733	8015	72004	30924	352249	1720379	1306324	450	1962	7909	2412	10321	-535126.011	-532509.647	2464380.351603936	2616.3640000000596	early_mig	7.88762e-4	1.31946e-4	5.539680000000001e-5	7.360909999999999e-4	1.18922e-4	5.450740000000001e-4
39362	35553	36202	53771	55317	30878	142951	96988	1435	13363	5579	14799	20378	-536952.449	-532509.647	2472791.4094280913	4442.802000000025	early_mig	0.0045852	0.0068995	0.0062327	0.0016074	0.015413999999999999	0.0061015
34743	188255	52371	18811	52506	120176	626928	383227	5930	2585	30898	8515	39412	-536782.696	-532509.647	2472009.667973509	4273.048999999999	early_mig	0.0011491000000000001	0.0049905999999999996	0.0076652	0.0031803	0.004975199999999999	0.005299
330985	19862	64462	50170	37045	151913	959817	97442	19	32237	140	32256	32396	-535282.011	-532509.647	2465098.75815295	2772.3640000000596	early_mig	9.26129e-5	7.217079999999999e-6	1.2516599999999998e-5	6.49732e-6	7.5944e-5	6.974250000000001e-4
32306	68329	35028	33561	76403	87166	434778	253703	13	16121	6798	16135	22932	-535105.2769999999	-532509.647	2464284.8680052985	2595.6299999998882	early_mig	9.910660000000001e-5	9.90335e-5	2.63065e-5	1.26264e-4	1.3343900000000001e-5	1.8187500000000002e-4
32171	123333	71949	7936	62289	47826	241324	155660	2301	55	18156	2356	20512	-536934.3570000001	-532509.647	2472708.0926890867	4424.710000000079	early_mig	0.0018058	0.0050731000000000005	0.0036006	0.005905	0.005926	0.0041992
29444	253080	37956	82722	56846	183511	885740	575587	8757	6122	44451	14879	59330	-536700.424	-532509.647	2471630.7914119675	4190.777000000002	early_mig	0.0031622	0.007161000000000001	0.0010299	0.0043093	0.0028832000000000003	0.0029758
29393	181540	34925	45469	53057	147487	816836	462999	7190	4022	35204	11212	46416	-536745.519	-532509.647	2471838.4615615048	4235.871999999974	early_mig	0.0019242	0.0059854999999999995	0.0043522	0.0043784	0.0019525999999999999	0.0031142
28744	86850	39777	72425	34947	175788	840804	329503	34	14771	5693	14805	20498	-535120.22	-532509.647	2464353.6830633883	2610.572999999975	early_mig	1.0528899999999999e-4	6.13303e-5	1.70304e-5	9.69753e-5	3.2572200000000006e-5	2.7206900000000005e-4
27963	155094	81156	66509	27763	48549	261356	162800	2375	2267	13989	4642	18631	-536831.625	-532509.647	2472234.9943455392	4321.978000000003	early_mig	1.81581e-4	0.0012311000000000002	0.007670499999999999	0.0083999	0.0080476	0.00543
26801	229595	74283	54407	29096	76224	375259	248665	3724	1775	20078	5499	25577	-536708.9400000001	-532509.647	2471670.0090412716	4199.293000000063	early_mig	4.6789299999999993e-4	5.710909999999999e-4	0.0092021	0.0039087	0.010672000000000001	0.0024704
26750	158896	37706	66412	86647	105296	493598	339303	4983	2294	27336	7277	34613	-536757.9310000001	-532509.647	2471895.6209338536	4248.2840000001015	early_mig	0.007154799999999999	0.0035153	0.0070366	0.00455	0.0094773	0.0033886000000000003
26087	235185	38283	70479	47642	152124	812494	453555	7425	2710	37796	10135	47931	-536690.827	-532509.647	2471586.5955936927	4181.180000000051	early_mig	0.0018811999999999998	0.0084192	0.0141421	0.0039571	0.0062418	0.0012109000000000002
24874	173351	38554	77307	84316	102048	575111	309661	4960	3165	25958	8125	34083	-536743.1719999999	-532509.647	2471827.653227078	4233.524999999907	early_mig	0.002012	0.009011699999999997	0.0072219	0.0044428	0.0071544	0.0037949
24455	184091	68803	69864	75249	57500	321667	176910	2814	2562	15398	5376	20774	-536774.149	-532509.647	2471970.3075839295	4264.501999999979	early_mig	0.0011052	0.0023593	0.007463100000000001	0.007884500000000001	0.0113771	0.004311799999999999
23206	132954	22131	58337	31068	144359	661267	463303	6877	2398	35857	9275	45132	-536708.8200000001	-532509.647	2471669.4564208495	4199.173000000068	early_mig	0.0067409	0.0024195	0.0013469	0.008929	0.0021050999999999995	0.004236599999999999
22471	218090	34315	72416	43630	148489	688766	461653	7188	2148	33092	9336	42428	-536679.112	-532509.647	2471532.646024964	4169.464999999967	early_mig	0.0063321	0.0029806	0.012003699999999999	0.0011627	0.0100401	0.0077239000000000006
22369	88678	71917	42265	62935	22671	119586	72042	1103	41	9683	1143	10827	-536936.839	-532509.647	2472719.522721488	4427.192000000039	early_mig	0.0060057999999999995	0.006174799999999999	0.0043675	0.0020544	0.0048947	0.0064195
189050	24239	85710	80569	24705	40722	206473	134723	1984	17962	24	19945	19970	-536942.314	-532509.647	2472744.7360282564	4432.667000000016	early_mig	0.0012942000000000001	0.0046247	0.0093324	0.0027968999999999997	0.0092896	0.007715499999999999
17185	133963	38458	45996	90117	57547	262338	172483	2644	1374	14092	4018	18111	-536741.1989999999	-532509.647	2471818.567226301	4231.551999999909	early_mig	0.0013938	0.0010492	0.0063212	0.0064373	0.008667999999999999	0.006654199999999999
16173	192990	22150	44693	27585	139213	733039	432950	6718	4096	30607	10814	41421	-536680.216	-532509.647	2471537.730132849	4170.569000000018	early_mig	0.0058608	0.0024444000000000002	3.1499e-4	0.0088685	0.0042838	0.0067374
16061	160361	19669	32464	38831	130619	687676	428316	6367	2281	30143	8648	38791	-536664.4839999999	-532509.647	2471465.281595483	4154.836999999941	early_mig	8.389990000000001e-4	0.0099248	0.0076659	0.006494499999999999	0.0026864	0.0019937
15767	127712	16361	33756	38495	128800	653838	386846	5972	2060	28879	8032	36911	-536659.8560000001	-532509.647	2471443.968867863	4150.209000000148	early_mig	0.004005	0.0042997999999999995	0.0034341000000000003	0.008242800000000002	0.0015999999999999999	0.0046928
15397	168221	20263	24688	67181	128788	660503	395530	6143	2448	29681	8591	38271	-536671.427	-532509.647	2471497.2552920845	4161.780000000028	early_mig	0.007109700000000001	0.0041663	0.0039453	0.008710399999999998	0.0044668	0.0012471000000000003
1497	72719	7169	16672	66159	211371	1116954	423283	91	2587	1737	2678	4415	-535061.15	-532509.647	2464081.655660502	2551.503000000026	early_mig	6.438070000000001e-4	2.97447e-4	1.25755e-4	4.83559e-4	1.39893e-4	0.0015901
14823	108858	15606	59481	54004	98765	507096	331753	4845	1581	25812	6426	32238	-536675.71	-532509.647	2471516.979235991	4166.0629999999655	early_mig	0.009222399999999999	0.0065541	0.009553699999999998	0.004855	0.005532	0.006549900000000001
14091	156574	20171	61354	62599	100432	503737	316443	4798	2851	23563	7649	31212	-536678.0580000001	-532509.647	2471527.792175588	4168.41100000008	early_mig	0.0028423999999999997	0.010440399999999999	0.0052033	0.0050279	0.0061577	0.0050835
13744	105567	18492	42145	59190	83133	439167	265585	3832	2177	19577	6009	25586	-536694.721	-532509.647	2471604.528126397	4185.074000000022	early_mig	0.0016151	0.0036458999999999997	0.0031225999999999997	0.010157699999999999	0.001922	0.0023959999999999997
12863	83208	23595	59069	76926	71987	403075	169160	15	8943	4970	8959	13929	-535108.013	-532509.647	2464297.4677509284	2598.366000000038	early_mig	1.76646e-4	1.19303e-4	2.4626300000000002e-5	1.6022600000000002e-4	4.8957e-5	3.7616200000000003e-4
12105	86941	11199	65638	29963	99826	596394	299858	4612	2079	22765	6691	29456	-536654.987	-532509.647	2471421.546294227	4145.339999999967	early_mig	0.0012280000000000001	0.0071078	0.0015778	0.0019788	0.0019755999999999997	0.0081797
11880	92373	17875	62152	65560	56385	308185	168646	2535	3780	12770	6315	19085	-536736.6630000001	-532509.647	2471797.678174338	4227.0160000000615	early_mig	0.0026177	0.0018528	0.00041630799999999995	0.0024585000000000006	0.0022731	0.0080993
11487	18509	9976	37683	45718	138862	744147	394152	145	6542	1597	6688	8285	-535090.2869999999	-532509.647	2464215.8365042107	2580.6399999998976	early_mig	4.0883300000000005e-4	2.84815e-4	7.613969999999999e-5	3.42988e-4	4.66506e-5	7.00296e-4
11298	106116	18716	61828	24860	297899	1809725	880853	908	5262	13571	6170	19741	-535155.014	-532509.647	2464513.9153548395	2645.3669999999693	early_mig	1.0007199999999999e-4	2.8897e-4	3.247110000000001e-5	1.70971e-4	4.6892e-6	4.0816100000000004e-4
11276	84098	22133	77316	65104	182547	900719	525802	80	8941	4454	9021	13475	-535092.137	-532509.647	2464224.3560690554	2582.4899999999907	early_mig	1.5740500000000003e-4	1.55488e-4	4.432500000000001e-5	1.83245e-4	1.82765e-5	3.1738000000000003e-4
10455	148662	16673	48784	77909	523888	2439124	1193483	1749	3105	20776	4853	25629	-535286.1799999999	-532509.647	2465117.9571074545	2776.5329999999376	early_mig	1.54026e-5	4.2313700000000013e-4	5.8257799999999996e-5	3.1414800000000004e-4	3.9089800000000006e-5	7.022679999999999e-4
1029	70624	1749	55927	74544	202635	1791214	903390	856	671	9483	1527	11010	-535082.304	-532509.647	2464179.0734306164	2572.6570000000065	early_mig	0.0023302	0.0021125	1.39557e-4	0.0011641000000000002	1.32152e-4	0.0028003999999999998
